   2.00546125076463       5.211319219833265E-002  3.721664307929440E-027
 -9.693522803355793E-027 -1.435137344334566E-026 -1.105143892272105E-027
  4.139942030599870E-027 -1.806124376253319E-027  9.172160761883260E-018
  1.355252715606881E-018  8.949971768219561E-018 -1.269421690469963E-017
 -6.041233644166146E-018 -1.200460408400876E-017 -1.490777987167569E-018
 -1.316848704485350E-017  1.782226645840701E-017  8.119353289289632E-018
  0.855598776001575      -3.588218014708000E-026 -1.292469707114106E-026
  1.205012209678786E-025  8.418787488683094E-027 -2.342601344144317E-026
  4.079834404797732E-027 -1.293930425604406E-016 -6.938893903907228E-018
 -1.591851856625288E-016  3.125988219772710E-016  8.457774945711773E-017
  4.540259076876096E-017 -2.428612866367530E-017  9.928743656428707E-017
 -1.123828483048397E-016 -6.111376065634577E-017   2.01888665293078     
 -4.488030933644008E-015  7.128267017731551E-016  5.317988568206936E-002
 -5.941985232740676E-017  9.002507550254969E-018 -7.874710174478990E-025
 -2.506292479923777E-025 -1.278540049159238E-024  1.727900880291891E-024
  6.871977290155588E-025  1.207476910186291E-024  4.969346654737690E-025
  2.051237833057096E-024 -2.727342546572888E-024 -8.802395203502953E-025
   2.01888665293078      -2.699799315696358E-015 -5.952827254465531E-017
  5.317988568206933E-002 -3.616309300803279E-017 -3.783836968780671E-026
 -2.520315928872506E-025  1.512555246098573E-025 -1.457694922293955E-025
 -2.166115880242984E-025  1.934250021090511E-025  3.489668209208086E-025
 -2.217645996315197E-025  5.235173288228964E-025  3.963355388830510E-025
   2.01888665293078       8.934584819489436E-018 -3.583639688639453E-017
  5.317988568206933E-002  3.971316479796450E-025  3.567967628400755E-026
  2.220856498829880E-025 -4.554797682639803E-025  1.436782357534944E-025
 -5.588234967786458E-025  2.084619950600194E-027 -3.765683160363933E-025
  6.609089690547931E-025 -2.691212018044944E-025  3.354536426061990E-002
 -7.493765674231471E-017  1.166576474441020E-017  2.129707385829653E-025
 -6.171155333929450E-027  1.008251295656015E-025 -2.089304416092412E-025
 -8.654604835181430E-026 -2.964994782178419E-025  2.154359521942127E-027
 -1.358763553842287E-025  2.790872710000999E-025  1.155482682311797E-025
  3.354536426061989E-002 -4.583591797307235E-017 -2.376013631158754E-026
  1.615587133892632E-027 -2.031338387866009E-026  1.927084526451871E-026
  9.779861530489290E-027  2.943276683322346E-026 -1.615587133892632E-027
  3.441614905132697E-026 -7.363720430046354E-027 -5.357163675022146E-027
  3.354536426061989E-002  1.523890872843018E-025  5.940360412147489E-027
  1.414965820364362E-025 -2.237301856893701E-025 -1.025830875094318E-025
 -2.476589261012633E-025 -1.034259353833010E-026 -2.033857784634159E-025
  3.153223716430289E-025  1.407369816166869E-025   1.70774594040412     
 -8.802363550624693E-015 -4.900018431764892E-015  1.661698737824723E-014
  1.492965897462153E-014  -2.89697619060546       5.800201737228128E-015
  4.262569690189840E-015 -1.402014638466492E-014 -1.027700579866393E-014
   1.06024833703828      -7.152688012830572E-015  1.323078406064714E-014
  5.519772593463905E-015  5.785998688768568E-015  -1.34518378589175     
  4.608351207430981E-015 -8.763698406191575E-015 -3.566547765876723E-015
   1.06024833703828       6.612606710563725E-015  9.211686972426060E-015
  4.276135083004042E-015  4.603147336344558E-015  -1.34518378589175     
 -5.511561043998972E-015 -5.662559830884989E-015   1.70774594040412     
 -1.941806148201036E-014 -1.404362013636743E-014 -8.764050771897633E-015
 -5.506568915819017E-015  -2.89697619060545       1.334882246981746E-014
   1.06024833703828      -1.027673515373934E-014 -3.558056078909235E-015
 -5.664195086562356E-015  1.335060595312265E-014  -1.34518378589175     
   1.26244837745371      -4.319784705620320E-015 -3.744587140230157E-015
  1.219455368310733E-014  7.940650866818249E-015  0.488317433917667     
 -3.372366785284261E-015  6.573958442407203E-015  2.607787940073115E-015
  0.488317433917667       4.801930245248526E-015  4.019753828965515E-015
   1.26244837745371      -1.036268740477422E-014  0.488317433917665     
   1.94489322583922      -0.328648762189948       4.433039942916213E-026
 -1.760989975942969E-025  3.010987387154029E-025 -8.504653710877804E-026
  2.455692443516801E-025 -4.523899269179741E-025  1.851153080497490E-002
  8.055329979594351E-027 -3.069615554396001E-026 -2.878498460221751E-026
  9.713399541680613E-027  1.373249063808737E-026  2.450421960611986E-026
   3.23034980777905      -7.181686230148352E-015  1.139051927199073E-015
  -3.47212580116036       3.866219466080937E-015 -6.074301611436631E-016
   3.23034980777905      -4.319451186269896E-015  3.864484742604961E-015
  -3.47212580116036       2.334975990289065E-015   3.23034980777905     
 -6.083391623921236E-016  2.335111367979128E-015  -3.47212580116036     
  0.990017310310274      -2.205369526185915E-015  3.414810693029909E-016
  0.990017310310273      -1.331470697268655E-015  0.990017310310273     
  0.000000000000000E+000  0.000000000000000E+000  0.000000000000000E+000
  0.000000000000000E+000  0.000000000000000E+000  0.000000000000000E+000
  0.000000000000000E+000  0.000000000000000E+000  0.000000000000000E+000
  0.000000000000000E+000  0.000000000000000E+000  0.000000000000000E+000
  0.000000000000000E+000  0.000000000000000E+000  0.000000000000000E+000
  0.000000000000000E+000  0.000000000000000E+000  0.000000000000000E+000
  0.000000000000000E+000  0.000000000000000E+000  0.000000000000000E+000
  0.000000000000000E+000  0.000000000000000E+000  0.000000000000000E+000
  0.000000000000000E+000  0.000000000000000E+000  0.000000000000000E+000
  0.000000000000000E+000  0.000000000000000E+000  0.000000000000000E+000
  0.000000000000000E+000  0.000000000000000E+000  0.000000000000000E+000
  0.000000000000000E+000  0.000000000000000E+000  0.000000000000000E+000
  0.000000000000000E+000  0.000000000000000E+000  0.000000000000000E+000
  0.000000000000000E+000  0.000000000000000E+000  0.000000000000000E+000
  0.000000000000000E+000  0.000000000000000E+000  0.000000000000000E+000
  0.000000000000000E+000  0.000000000000000E+000  0.000000000000000E+000
  0.000000000000000E+000  0.000000000000000E+000  0.000000000000000E+000
  0.000000000000000E+000  0.000000000000000E+000  0.000000000000000E+000
  0.000000000000000E+000  0.000000000000000E+000  0.000000000000000E+000
  0.000000000000000E+000  0.000000000000000E+000  0.000000000000000E+000
  0.000000000000000E+000  0.000000000000000E+000  0.000000000000000E+000
  0.000000000000000E+000  0.000000000000000E+000  0.000000000000000E+000
  0.000000000000000E+000  0.000000000000000E+000  0.000000000000000E+000
  0.000000000000000E+000  0.000000000000000E+000  0.000000000000000E+000
  0.000000000000000E+000  0.000000000000000E+000  0.000000000000000E+000
  0.000000000000000E+000  0.000000000000000E+000  0.000000000000000E+000
  0.000000000000000E+000  0.000000000000000E+000  0.000000000000000E+000
  0.000000000000000E+000  0.000000000000000E+000  0.000000000000000E+000
  0.000000000000000E+000  0.000000000000000E+000  0.000000000000000E+000
  0.000000000000000E+000  0.000000000000000E+000  0.000000000000000E+000
  0.000000000000000E+000  0.000000000000000E+000  0.000000000000000E+000
  0.000000000000000E+000  0.000000000000000E+000  0.000000000000000E+000
  0.000000000000000E+000  0.000000000000000E+000  0.000000000000000E+000
  0.000000000000000E+000  0.000000000000000E+000  0.000000000000000E+000
  0.000000000000000E+000  0.000000000000000E+000  0.000000000000000E+000
  0.000000000000000E+000  0.000000000000000E+000  0.000000000000000E+000
  0.000000000000000E+000  0.000000000000000E+000  0.000000000000000E+000
  0.000000000000000E+000  0.000000000000000E+000  0.000000000000000E+000
  0.000000000000000E+000  0.000000000000000E+000  0.000000000000000E+000
  0.000000000000000E+000  0.000000000000000E+000  0.000000000000000E+000
  0.000000000000000E+000  0.000000000000000E+000  0.000000000000000E+000
  0.000000000000000E+000  0.000000000000000E+000  0.000000000000000E+000
  0.000000000000000E+000  0.000000000000000E+000  0.000000000000000E+000
  0.000000000000000E+000  0.000000000000000E+000  0.000000000000000E+000
  0.000000000000000E+000  0.000000000000000E+000  0.000000000000000E+000
