   1.02150432817920      -6.290453120008281E-002 -2.950095726849480E-027
 -1.654361225106055E-024 -8.749015306182455E-025  3.263652751255683E-025
 -6.979336418416171E-025  5.852320427636726E-025 -1.435146955230044E-016
 -3.469446951953614E-017 -2.330942863627087E-017 -4.399734725506908E-017
  5.692539964180188E-017  1.847625260137932E-016  6.938893903907228E-017
  8.260084401225297E-017 -1.041051583567570E-016 -1.152245457283134E-016
  1.400797453729206E-003 -9.446095811872529E-025  2.274746684520826E-024
  1.250226367482510E-024  2.698282520079369E-026 -6.462348535570529E-026
 -2.213173646863924E-026  5.359426733658059E-017  7.155734338404329E-018
  5.827857459400388E-017 -8.092014901242971E-017 -3.751489404922423E-017
 -4.916436099037326E-017 -6.613633252161577E-018 -5.059489448649836E-017
  6.817164936177382E-017  3.228585320995481E-017   1.10737612241781     
 -2.471359613508290E-015  3.714317387558451E-016 -0.150326643637600     
  1.676455926090366E-016 -2.477390540115806E-017  6.880384399221226E-023
 -7.025174863889479E-024  3.667885300136177E-023 -7.535583747375191E-023
 -5.106221367106840E-023 -7.724198703158944E-023  6.664505573380859E-024
 -3.626289793274481E-023  7.360786786998563E-023  4.283409462620245E-023
   1.10737612241781      -1.495405900572012E-015  1.673203319572910E-016
 -0.150326643637600       1.032432569431173E-016 -2.603385249721991E-023
 -5.480071558163808E-024 -7.816774721029164E-025 -4.235585914069046E-024
  7.045947104270386E-024  2.381809215037451E-023  1.447566071967798E-024
 -1.604055960945723E-023  7.320241162133068E-024 -5.571220415294222E-024
   1.10737612241781      -2.540882903057099E-017  1.031331147471125E-016
 -0.150326643637600       5.994273753750144E-023  1.141121999109913E-023
  5.394652293771472E-023 -8.836059958173765E-023 -3.464537212155725E-023
 -6.300980640265833E-023 -1.465847348059526E-023 -6.069790085261085E-023
  9.914275794273047E-023  3.782734916965750E-023  5.876455945040863E-003
 -1.298981389162447E-017  1.817090026712151E-018 -1.616693079943560E-023
 -8.523600372890623E-025 -1.688030818849031E-023  2.755443500459840E-023
  1.468712127042236E-023  1.402227129023285E-023  8.031788742322227E-025
  1.351636583780195E-023 -2.240766749233860E-023 -1.010108071090229E-023
  5.876455945040862E-003 -8.070266609113229E-018  1.334739327815182E-026
 -1.395867283683234E-024 -1.625337521794483E-024 -7.815789657910825E-026
 -2.419352178467988E-024 -4.192125674281055E-025  1.085674553975849E-024
 -5.137414443826849E-025  1.579950109222088E-026  2.503112554820562E-024
  5.876455945040857E-003 -4.782585373911223E-024 -4.648005807165644E-025
 -2.854068966907245E-024  3.079120306696507E-024  2.583207419137987E-024
  3.499793610442436E-024  5.975549328971590E-025  2.947066930546292E-024
 -4.293743455028276E-024 -2.659157394142461E-024   5.25534924086402     
 -1.272794960110295E-014 -1.574083149820444E-014  5.060198969357021E-014
  2.632616835376315E-014  -8.43931515778834       1.015261282491799E-014
  1.256776474872968E-014 -4.043055971320956E-014 -2.106924420302950E-014
   1.35384019684302      -9.620826571129368E-015  1.970660217932498E-014
  7.454328040433729E-015  1.016172012316687E-014  -2.16241025843206     
  7.670859712283017E-015 -1.578186549827272E-014 -5.955407251218881E-015
   1.35384019684302       1.979548164643324E-014  1.067422822602439E-014
  1.259427007396013E-014  7.668314857160166E-015  -2.16241025843206     
 -1.603759617735251E-014 -8.503626698603519E-015   5.25534924086401     
 -3.454345936300403E-014 -4.049948742074675E-014 -1.578360022174869E-014
 -1.600656621023788E-014  -8.43931515778833       2.768452691764278E-014
   1.35384019684301      -2.108698305832198E-014 -5.936911256350648E-015
 -8.508133962302309E-015  2.768696668020003E-014  -2.16241025843205     
   3.40169851141445      -8.120865710928842E-015 -1.007961871472612E-014
  3.292826857356858E-014  1.697929814432358E-014  0.864475704990643     
 -6.127672204019209E-015  1.265096996641647E-014  4.759915578107667E-015
  0.864475704990641       1.295298980425093E-014  6.794701589951711E-015
   3.40169851141445      -2.230883310139782E-014  0.864475704990638     
   1.92308281867143      -0.380679662453503      -1.238459913394420E-024
  4.549493369041652E-024 -1.206964499412458E-024  2.022538102540505E-024
 -4.756288522179909E-024  7.455540422584438E-025  2.857786575573341E-002
 -1.021334037682669E-025 -2.171349107951698E-024 -4.408458461087048E-025
 -3.619272422781578E-025  1.654361225106055E-024  4.124638206185272E-025
   3.64808495748560      -8.109998838020756E-015  1.281368500029672E-015
  -4.17714474985191       4.635018499486853E-015 -7.077966280015090E-016
   3.64808495748560      -4.881692920852837E-015  4.636753222962830E-015
  -4.17714474985191       2.813866213717107E-015   3.64808495748560     
 -6.966972576058475E-016  2.816386686513428E-015  -4.17714474985191     
   1.26265762948717      -2.800876778937614E-015  4.376964952829879E-016
   1.26265762948717      -1.718156447579506E-015   1.26265762948717     
  0.000000000000000E+000  0.000000000000000E+000  0.000000000000000E+000
  0.000000000000000E+000  0.000000000000000E+000  0.000000000000000E+000
  0.000000000000000E+000  0.000000000000000E+000  0.000000000000000E+000
  0.000000000000000E+000  0.000000000000000E+000  0.000000000000000E+000
  0.000000000000000E+000  0.000000000000000E+000  0.000000000000000E+000
  0.000000000000000E+000  0.000000000000000E+000  0.000000000000000E+000
  0.000000000000000E+000  0.000000000000000E+000  0.000000000000000E+000
  0.000000000000000E+000  0.000000000000000E+000  0.000000000000000E+000
  0.000000000000000E+000  0.000000000000000E+000  0.000000000000000E+000
  0.000000000000000E+000  0.000000000000000E+000  0.000000000000000E+000
  0.000000000000000E+000  0.000000000000000E+000  0.000000000000000E+000
  0.000000000000000E+000  0.000000000000000E+000  0.000000000000000E+000
  0.000000000000000E+000  0.000000000000000E+000  0.000000000000000E+000
  0.000000000000000E+000  0.000000000000000E+000  0.000000000000000E+000
  0.000000000000000E+000  0.000000000000000E+000  0.000000000000000E+000
  0.000000000000000E+000  0.000000000000000E+000  0.000000000000000E+000
  0.000000000000000E+000  0.000000000000000E+000  0.000000000000000E+000
  0.000000000000000E+000  0.000000000000000E+000  0.000000000000000E+000
  0.000000000000000E+000  0.000000000000000E+000  0.000000000000000E+000
  0.000000000000000E+000  0.000000000000000E+000  0.000000000000000E+000
  0.000000000000000E+000  0.000000000000000E+000  0.000000000000000E+000
  0.000000000000000E+000  0.000000000000000E+000  0.000000000000000E+000
  0.000000000000000E+000  0.000000000000000E+000  0.000000000000000E+000
  0.000000000000000E+000  0.000000000000000E+000  0.000000000000000E+000
  0.000000000000000E+000  0.000000000000000E+000  0.000000000000000E+000
  0.000000000000000E+000  0.000000000000000E+000  0.000000000000000E+000
  0.000000000000000E+000  0.000000000000000E+000  0.000000000000000E+000
  0.000000000000000E+000  0.000000000000000E+000  0.000000000000000E+000
  0.000000000000000E+000  0.000000000000000E+000  0.000000000000000E+000
  0.000000000000000E+000  0.000000000000000E+000  0.000000000000000E+000
  0.000000000000000E+000  0.000000000000000E+000  0.000000000000000E+000
  0.000000000000000E+000  0.000000000000000E+000  0.000000000000000E+000
  0.000000000000000E+000  0.000000000000000E+000  0.000000000000000E+000
  0.000000000000000E+000  0.000000000000000E+000  0.000000000000000E+000
  0.000000000000000E+000  0.000000000000000E+000  0.000000000000000E+000
  0.000000000000000E+000  0.000000000000000E+000  0.000000000000000E+000
  0.000000000000000E+000  0.000000000000000E+000  0.000000000000000E+000
  0.000000000000000E+000  0.000000000000000E+000  0.000000000000000E+000
  0.000000000000000E+000  0.000000000000000E+000  0.000000000000000E+000
  0.000000000000000E+000  0.000000000000000E+000  0.000000000000000E+000
  0.000000000000000E+000  0.000000000000000E+000  0.000000000000000E+000
  0.000000000000000E+000  0.000000000000000E+000  0.000000000000000E+000
  0.000000000000000E+000  0.000000000000000E+000  0.000000000000000E+000
  0.000000000000000E+000  0.000000000000000E+000  0.000000000000000E+000
  0.000000000000000E+000  0.000000000000000E+000  0.000000000000000E+000
