CELL_PARAMETERS angstrom
8.655000000000001 0.0 0.0
0.0 8.655000000000001 0.0
0.0 0.0 8.655000000000001

ATOMIC_POSITIONS (angstrom)
Zr            0.0000000000       -0.0095383991       -0.0385545762
N             2.2169005056       -0.0146279825       -0.0593262493
Ti            0.0000000000        2.2131017144        2.1170865674
N             2.1105161851        2.2185751318        2.1062449353
Zr            2.1629703688       -0.0412961056        2.1577679679
N             0.0000000000       -0.0122499475        2.2068812463
Ti            2.1340965886        2.2206518673       -0.0154454849
N             0.0000000000        2.2243996898       -0.0077554242
Ti            0.0000000000       -0.0470480847        4.3662081123
N             2.1632014247       -0.0657925771        4.3864667736
Ti            0.0000000000        2.1783847121        6.5321584242
N             2.1108273457        2.1696539411        6.5526747325
Ti            2.1679743738       -0.0560673009        6.4936684441
N             0.0000000000       -0.0115221537        6.4396704843
Zr            2.1515889580        2.1690829154        4.3489846392
N             0.0000000000        2.1194537300        4.3347364425
Ti            0.0000000000        4.3360892140       -0.0012827053
N             2.1624457726        4.3375520862       -0.0035312291
Ti            0.0000000000        6.4496147028        2.1549727314
N             2.1670111954        6.4284865768        2.1589743517
Ti            2.1581295369        4.3626765511        2.1113883014
N             0.0000000000        4.3395581840        2.1027865116
Ti            2.1897572028        6.4443713235       -0.0295841982
N             0.0000000000        6.4323844676       -0.0106485916
Zr            0.0000000000        4.3722438497        4.3300081784
N             2.2142613145        4.3914532504        4.3345450598
Ti            0.0000000000        6.4882514999        6.4904398114
N             2.1675238641        6.4863860575        6.4953273226
Ti            2.1609025675        4.3765850288        6.5408667677
N             0.0000000000        4.3429144306        6.5513556982
Ti            2.1973456534        6.4856273491        4.3619033041
N             0.0000000000        6.5425977635        4.3341443518
Ti            4.3275000000       -0.0649122056       -0.0435564650
N             6.4380994944       -0.0146279825       -0.0593262493
Zr            4.3275000000        2.1988387532        2.1370648899
N             6.5444838149        2.2185751318        2.1062449353
Zr            6.4920296312       -0.0412961056        2.1577679679
N             4.3275000000       -0.0662660764        2.1541914571
Ti            6.5209034114        2.2206518673       -0.0154454849
N             4.3275000000        2.1786694581       -0.0012341864
Ti            4.3275000000       -0.0815326367        4.3687682190
N             6.4917985753       -0.0657925771        4.3864667736
Zr            4.3275000000        2.1652349555        6.5231385874
N             6.5441726543        2.1696539411        6.5526747325
Ti            6.4870256262       -0.0560673009        6.4936684441
N             4.3275000000       -0.0664315712        6.4939399095
Zr            6.5034110420        2.1690829154        4.3489846392
N             4.3275000000        2.1737051934        4.3329466526
Ti            4.3275000000        4.3841593192       -0.0030038060
N             6.4925542274        4.3375520862       -0.0035312291
Ti            4.3275000000        6.4540083942        2.1674394413
N             6.4879888046        6.4284865768        2.1589743517
Ti            6.4968704631        4.3626765511        2.1113883014
N             4.3275000000        4.3930459698        2.1525183001
Ti            6.4652427972        6.4443713235       -0.0295841982
N             4.3275000000        6.4801938131       -0.0084744478
Ti            4.3275000000        4.4119575634        4.3317556290
N             6.4407386855        4.3914532504        4.3345450598
Ti            4.3275000000        6.4909207518        6.4896471082
N             6.4874761359        6.4863860575        6.4953273226
Ti            6.4940974325        4.3765850288        6.5408667677
N             4.3275000000        4.3933078784        6.5042409666
Ti            6.4576543466        6.4856273491        4.3619033041
N             4.3275000000        6.4898288408        4.3365596056
