CELL_PARAMETERS angstrom
9.004999999999999 0.0 0.0
0.0 9.004999999999999 0.0
0.0 0.0 9.004999999999999

ATOMIC_POSITIONS (angstrom)
Zr           -0.0058086632       -0.0009100633       -0.0140199961
N             2.2595242625        0.0012278038       -0.0505600105
Zr           -0.0123077969        2.2574956771        2.2365793935
N             2.3084519426        2.2519444983        2.2494288735
Zr            2.2712995088        0.0069554052        2.2451195614
N            -0.0017114620       -0.0004277581        2.2445581336
Zr            2.2940970297        2.2695634415       -0.0115419585
N            -0.0394125346        2.2530375263       -0.0044538729
Zr            0.0099283803       -0.0002073412        4.5173475026
N             2.2577522503        0.0010915812        4.5515215261
Zr            0.0067492417        2.2610593373        6.7676149835
N             2.2577211274        2.2616388499        6.7552991559
Ti            2.2841637307       -0.0197446508        6.7600189410
N             0.0412418774        0.0004159005        6.7602062120
Zr            2.2816251260        2.2673824351        4.5157706231
N             0.0014759165        2.2544766766        4.5081258141
Zr           -0.0144939465        4.5036468055       -0.0165427567
N             2.3093376715        4.5017323744       -0.0512871112
Zr           -0.0093222732        6.7462146540        2.2356513408
N             2.2607187668        6.7471921158        2.2490940071
Zr            2.2976046804        4.4901040316        2.2451672431
N            -0.0040797937        4.5018178076        2.2456546032
Zr            2.2988583236        6.7354748618       -0.0416935173
N            -0.0368046138        6.7517119924       -0.0062633272
Zr            0.0096900685        4.5030445397        4.5208083871
N             2.3096850663        4.5018843117        4.5526175648
Zr            0.0110195564        6.7452812190        6.7678299806
N             2.3087532468        6.7491985601        6.7540674630
Ti            2.3206768504        4.5279281821        6.7598654387
N             0.0351226553        4.5035982024        6.7597831577
Zr            2.2854658243        6.7373085286        4.5432021286
N             0.0048377200        6.7506070262        4.5072717069
Zr            4.5113649044       -0.0025885740       -0.0210915451
N             6.7480798958        0.0023602980       -0.0007132872
Ti            4.5170730010        2.2933073037        2.2174450740
N             6.6966892796        2.2516128640        2.2006547871
Zr            6.7340476926        0.0106602258        2.2276174913
N             4.5052927255        0.0424734368        2.2452112344
Ti            6.7030496760        2.2801380807        0.0113495606
N             4.5529250552        2.3022260407        0.0431532218
Zr            4.4903792924       -0.0027485934        4.5263540855
N             6.7435717471        0.0017013819        4.5040449620
Zr            4.4932674782        2.2947023033        6.7783027225
N             6.7440660650        2.2576575375        6.8032562856
Zr            6.7245995998       -0.0131961919        6.7771218307
N             4.4540541146       -0.0413026309        6.7595017431
Zr            6.7194217788        2.2685986695        4.4934044824
N             4.4990905105        2.3017148681        4.4663409721
Ti            4.5158221934        4.5080492856       -0.0328108115
N             6.6956235357        4.4998903350       -0.0012477465
Zr            4.5143282520        6.7152472544        2.2233477418
N             6.7472584897        6.7474572341        2.2031364885
Zr            6.7084405184        4.4863588541        2.2214689706
N             4.5040662990        4.4491232588        2.2403719788
Ti            6.7040137666        6.7244820708       -0.0235933936
N             4.5543652960        6.7023825596       -0.0572692990
Ti            4.4907783184        4.5064216769        4.5403736834
N             6.6952894552        4.5010735727        4.5050517006
Ti            4.4899484058        6.7022153416        6.7830007061
N             6.6969343992        6.7523705269        6.8058323094
Zr            6.6927449643        4.5209042915        6.7831562694
N             4.4483864387        4.5557859871        6.7628661887
Zr            6.7221760905        6.7364544886        4.5238880284
N             4.5009910210        6.7027217101        4.5542323724
