 &plot nbnd=   8, nks=   101 /
            0.000000  0.000000  0.000000
   -6.473   10.919   10.919   10.919   16.305   23.031   23.031   23.031
           -0.035355 -0.000000  0.000000
   -6.456   10.850   10.895   10.895   16.373   22.898   23.071   23.071
           -0.070711 -0.000000  0.000000
   -6.406   10.652   10.824   10.824   16.565   22.543   23.187   23.187
           -0.106066 -0.000000  0.000000
   -6.322   10.350   10.709   10.709   16.855   22.057   23.373   23.373
           -0.141421 -0.000000  0.000000
   -6.205    9.974   10.559   10.559   17.209   21.509   23.619   23.619
           -0.176777  0.000000  0.000000
   -6.056    9.546   10.380   10.380   17.595   20.943   23.913   23.913
           -0.212132 -0.000000  0.000000
   -5.877    9.085   10.180   10.180   17.980   20.383   23.530   24.240
           -0.247487 -0.000000  0.000000
   -5.668    8.604    9.968    9.968   18.323   19.843   22.818   24.588
           -0.282843 -0.000000  0.000000
   -5.431    8.112    9.750    9.750   18.559   19.331   22.264   24.947
           -0.318198 -0.000000  0.000000
   -5.169    7.616    9.532    9.532   18.605   18.852   21.950   25.308
           -0.353553  0.000000  0.000000
   -4.884    7.120    9.320    9.320   18.410   18.416   21.920   25.663
           -0.388909 -0.000000  0.000000
   -4.581    6.629    9.118    9.118   18.006   18.049   22.118   26.006
           -0.424264 -0.000000  0.000000
   -4.263    6.148    8.930    8.930   17.598   17.642   22.447   26.335
           -0.459619 -0.000000  0.000000
   -3.936    5.681    8.759    8.759   17.133   17.319   22.836   26.645
           -0.494975 -0.000000  0.000000
   -3.608    5.235    8.606    8.606   16.693   17.038   23.240   26.932
           -0.530330  0.000000  0.000000
   -3.288    4.817    8.474    8.474   16.300   16.800   23.633   27.191
           -0.565685 -0.000000  0.000000
   -2.988    4.441    8.364    8.364   15.966   16.604   23.992   27.416
           -0.601041 -0.000000  0.000000
   -2.725    4.118    8.278    8.278   15.700   16.452   24.297   27.601
           -0.636396 -0.000000  0.000000
   -2.516    3.868    8.216    8.216   15.506   16.343   24.531   27.739
           -0.671751 -0.000000  0.000000
   -2.381    3.708    8.178    8.178   15.389   16.278   24.678   27.824
           -0.707107  0.000000  0.000000
   -2.333    3.653    8.165    8.165   15.350   16.256   24.729   27.853
           -0.707107  0.017678  0.000000
   -2.333    3.657    8.151    8.157   15.367   16.277   24.722   27.819
           -0.707107  0.035355  0.000000
   -2.330    3.670    8.110    8.133   15.418   16.342   24.701   27.719
           -0.707107  0.053033  0.000000
   -2.325    3.691    8.043    8.093   15.501   16.447   24.667   27.560
           -0.707107  0.070711 -0.000000
   -2.319    3.721    7.952    8.040   15.616   16.591   24.618   27.350
           -0.707107  0.088388 -0.000000
   -2.312    3.760    7.839    7.975   15.759   16.771   24.555   27.098
           -0.707107  0.106066  0.000000
   -2.303    3.807    7.709    7.901   15.928   16.983   24.477   26.813
           -0.707107  0.123744 -0.000000
   -2.293    3.863    7.564    7.820   16.121   17.224   24.384   26.502
           -0.707107  0.141421 -0.000000
   -2.282    3.927    7.406    7.735   16.333   17.490   24.274   26.173
           -0.707107  0.159099 -0.000000
   -2.270    3.999    7.239    7.648   16.563   17.778   24.148   25.832
           -0.707107  0.176777  0.000000
   -2.258    4.080    7.065    7.561   16.807   18.085   24.004   25.484
           -0.707107  0.194454  0.000000
   -2.246    4.169    6.887    7.477   17.061   18.408   23.842   25.133
           -0.707107  0.212132  0.000000
   -2.234    4.265    6.706    7.397   17.322   18.743   23.661   24.785
           -0.707107  0.229810  0.000000
   -2.223    4.370    6.523    7.322   17.584   19.088   23.461   24.445
           -0.707107  0.247487 -0.000000
   -2.212    4.483    6.341    7.254   17.843   19.439   23.242   24.118
           -0.707107  0.265165  0.000000
   -2.203    4.603    6.160    7.195   18.093   19.795   23.003   23.811
           -0.707107  0.282843  0.000000
   -2.195    4.731    5.982    7.145   18.323   20.152   22.744   23.533
           -0.707107  0.300520 -0.000000
   -2.188    4.865    5.807    7.106   18.524   20.508   22.468   23.296
           -0.707107  0.318198  0.000000
   -2.183    5.007    5.636    7.077   18.682   20.860   22.174   23.111
           -0.707107  0.335876  0.000000
   -2.180    5.155    5.470    7.060   18.785   21.204   21.864   22.992
           -0.707107  0.353553  0.000000
   -2.179    5.310    5.310    7.054   18.821   21.540   21.540   22.951
           -0.698268  0.362392  0.000000
   -2.181    5.233    5.385    7.062   18.811   21.370   21.704   22.968
           -0.689429  0.371231  0.000000
   -2.184    5.159    5.452    7.087   18.780   21.196   21.864   23.014
           -0.680590  0.380070  0.000000
   -2.190    5.090    5.507    7.130   18.727   21.027   22.022   23.084
           -0.671751  0.388909  0.000000
   -2.197    5.023    5.551    7.193   18.649   20.870   22.174   23.174
           -0.662913  0.397748  0.000000
   -2.206    4.961    5.582    7.272   18.547   20.729   22.322   23.281
           -0.654074  0.406586  0.000000
   -2.215    4.903    5.602    7.368   18.422   20.606   22.464   23.403
           -0.645235  0.415425  0.000000
   -2.225    4.848    5.614    7.476   18.277   20.502   22.600   23.537
           -0.636396  0.424264  0.000000
   -2.235    4.797    5.617    7.593   18.117   20.414   22.728   23.682
           -0.627557  0.433103  0.000000
   -2.246    4.750    5.615    7.717   17.948   20.342   22.849   23.836
           -0.618718  0.441942  0.000000
   -2.256    4.707    5.609    7.844   17.773   20.283   22.961   23.997
           -0.609880  0.450781  0.000000
   -2.266    4.668    5.601    7.971   17.598   20.234   23.065   24.164
           -0.601041  0.459619  0.000000
   -2.275    4.633    5.591    8.094   17.428   20.193   23.159   24.334
           -0.592202  0.468458  0.000000
   -2.283    4.602    5.581    8.212   17.267   20.160   23.243   24.507
           -0.583363  0.477297  0.000000
   -2.291    4.576    5.571    8.321   17.118   20.133   23.317   24.679
           -0.574524  0.486136  0.000000
   -2.298    4.553    5.561    8.419   16.986   20.111   23.380   24.848
           -0.565685  0.494975  0.000000
   -2.304    4.534    5.553    8.503   16.873   20.094   23.432   25.008
           -0.556847  0.503814  0.000000
   -2.308    4.520    5.547    8.571   16.782   20.080   23.473   25.153
           -0.548008  0.512652  0.000000
   -2.311    4.509    5.542    8.621   16.715   20.071   23.502   25.274
           -0.539169  0.521491  0.000000
   -2.313    4.503    5.539    8.652   16.674   20.066   23.520   25.355
           -0.530330  0.530330  0.000000
   -2.314    4.501    5.538    8.662   16.661   20.064   23.526   25.385
           -0.503814  0.503814 -0.000000
   -2.377    4.769    5.166    8.811   16.977   20.736   23.201   24.933
           -0.477297  0.477297  0.000000
   -2.485    4.889    5.070    8.973   17.327   21.221   22.862   24.517
           -0.450781  0.450781  0.000000
   -2.645    4.721    5.403    9.146   17.705   21.479   22.521   24.147
           -0.424264  0.424264 -0.000000
   -2.857    4.666    5.765    9.327   18.107   21.535   22.184   23.830
           -0.397748  0.397748 -0.000000
   -3.115    4.723    6.154    9.511   18.520   21.454   21.863   23.573
           -0.371231  0.371231 -0.000000
   -3.409    4.882    6.565    9.695   18.922   21.311   21.566   23.382
           -0.344715  0.344715  0.000000
   -3.728    5.132    6.994    9.874   19.263   21.191   21.300   23.262
           -0.318198  0.318198 -0.000000
   -4.059    5.462    7.436   10.045   19.455   21.077   21.206   23.219
           -0.291682  0.291682  0.000000
   -4.391    5.858    7.885   10.204   19.430   20.903   21.430   23.257
           -0.265165  0.265165  0.000000
   -4.715    6.312    8.332   10.348   19.239   20.790   21.813   23.378
           -0.238649  0.238649 -0.000000
   -5.023    6.811    8.768   10.475   18.962   20.744   22.265   23.585
           -0.212132  0.212132  0.000000
   -5.311    7.347    9.185   10.584   18.645   20.776   22.723   23.877
           -0.185616  0.185616 -0.000000
   -5.572    7.908    9.573   10.675   18.304   20.892   23.133   24.255
           -0.159099  0.159099  0.000000
   -5.805    8.484    9.922   10.748   17.950   21.094   23.433   23.932
           -0.132583  0.132583  0.000000
   -6.005    9.059   10.224   10.806   17.588   21.383   23.564   23.657
           -0.106066  0.106066  0.000000
   -6.172    9.613   10.475   10.850   17.228   21.746   23.432   23.518
           -0.079550  0.079550 -0.000000
   -6.303   10.118   10.670   10.882   16.884   22.160   23.257   23.366
           -0.053033  0.053033  0.000000
   -6.397   10.536   10.809   10.903   16.588   22.574   23.132   23.198
           -0.026517  0.026517 -0.000000
   -6.454   10.818   10.892   10.916   16.381   22.902   23.057   23.075
            0.000000  0.000000  0.000000
   -6.473   10.919   10.919   10.919   16.305   23.031   23.031   23.031
           -0.017678  0.017678  0.017678
   -6.460   10.846   10.912   10.912   16.356   22.948   23.052   23.052
           -0.035355  0.035355  0.035355
   -6.423   10.637   10.888   10.888   16.498   22.728   23.113   23.113
           -0.053033  0.053033  0.053033
   -6.359   10.312   10.851   10.851   16.705   22.435   23.207   23.207
           -0.070711  0.070711  0.070711
   -6.272    9.900   10.800   10.800   16.946   22.131   23.321   23.321
           -0.088388  0.088388  0.088388
   -6.160    9.423   10.739   10.739   17.188   21.864   23.435   23.435
           -0.106066  0.106066  0.106066
   -6.024    8.901   10.668   10.668   17.400   21.668   23.516   23.516
           -0.123744  0.123744  0.123744
   -5.866    8.348   10.591   10.591   17.557   21.569   23.531   23.531
           -0.141421  0.141421  0.141421
   -5.686    7.777   10.510   10.510   17.644   21.579   23.460   23.460
           -0.159099  0.159099  0.159099
   -5.486    7.196   10.428   10.428   17.661   21.692   23.314   23.314
           -0.176777  0.176777  0.176777
   -5.268    6.615   10.345   10.345   17.621   21.890   23.123   23.123
           -0.194454  0.194454  0.194454
   -5.035    6.041   10.265   10.265   17.544   22.145   22.912   22.912
           -0.212132  0.212132  0.212132
   -4.790    5.482   10.189   10.189   17.447   22.431   22.701   22.701
           -0.229810  0.229810  0.229810
   -4.537    4.944   10.118   10.118   17.345   22.502   22.502   22.726
           -0.247487  0.247487  0.247487
   -4.281    4.438   10.055   10.055   17.247   22.321   22.321   23.012
           -0.265165  0.265165  0.265165
   -4.032    3.973    9.999    9.999   17.158   22.164   22.164   23.273
           -0.282843  0.282843  0.282843
   -3.798    3.560    9.952    9.952   17.082   22.032   22.032   23.497
           -0.300520  0.300520  0.300520
   -3.592    3.213    9.915    9.915   17.022   21.928   21.928   23.676
           -0.318198  0.318198  0.318198
   -3.429    2.949    9.888    9.888   16.978   21.853   21.853   23.805
           -0.335876  0.335876  0.335876
   -3.323    2.783    9.872    9.872   16.951   21.808   21.808   23.883
           -0.353553  0.353553  0.353553
   -3.286    2.725    9.867    9.867   16.942   21.793   21.793   23.908
