 &plot nbnd=   8, nks=   101 /
            0.000000  0.000000  0.000000
   -6.485   10.886   10.886   10.886   16.238   22.990   22.990   22.990
           -0.035327  0.000000 -0.000000
   -6.468   10.816   10.862   10.862   16.306   22.857   23.030   23.030
           -0.070655  0.000000 -0.000000
   -6.418   10.618   10.790   10.790   16.499   22.503   23.145   23.145
           -0.105982 -0.000000  0.000000
   -6.334   10.316   10.676   10.676   16.789   22.017   23.330   23.330
           -0.141309  0.000000 -0.000000
   -6.218    9.939   10.526   10.526   17.143   21.471   23.575   23.575
           -0.176637  0.000000  0.000000
   -6.069    9.512   10.347   10.347   17.530   20.906   23.866   23.866
           -0.211964 -0.000000  0.000000
   -5.890    9.052   10.148   10.148   17.916   20.347   23.473   24.191
           -0.247291  0.000000 -0.000000
   -5.682    8.572    9.937    9.937   18.259   19.808   22.761   24.538
           -0.282619  0.000000 -0.000000
   -5.446    8.080    9.719    9.719   18.495   19.297   22.207   24.895
           -0.317946 -0.000000  0.000000
   -5.184    7.585    9.502    9.502   18.543   18.819   21.892   25.252
           -0.353273  0.000000  0.000000
   -4.900    7.090    9.290    9.290   18.356   18.377   21.862   25.605
           -0.388601 -0.000000  0.000000
   -4.598    6.601    9.089    9.089   17.973   17.989   22.059   25.947
           -0.423928 -0.000000  0.000000
   -4.280    6.121    8.901    8.901   17.540   17.610   22.387   26.273
           -0.459255  0.000000 -0.000000
   -3.954    5.655    8.730    8.730   17.076   17.288   22.775   26.582
           -0.494583  0.000000 -0.000000
   -3.627    5.211    8.578    8.578   16.636   17.007   23.179   26.867
           -0.529910  0.000000 -0.000000
   -3.308    4.795    8.446    8.446   16.243   16.769   23.571   27.124
           -0.565237  0.000000 -0.000000
   -3.010    4.420    8.336    8.336   15.910   16.574   23.930   27.348
           -0.600565  0.000000 -0.000000
   -2.748    4.099    8.250    8.250   15.644   16.422   24.235   27.532
           -0.635892 -0.000000  0.000000
   -2.540    3.849    8.188    8.188   15.450   16.313   24.468   27.669
           -0.671219 -0.000000  0.000000
   -2.405    3.690    8.151    8.151   15.333   16.248   24.616   27.754
           -0.706547  0.000000  0.000000
   -2.358    3.635    8.138    8.138   15.294   16.226   24.666   27.782
           -0.706547  0.017664  0.000000
   -2.358    3.639    8.124    8.130   15.311   16.248   24.659   27.749
           -0.706547  0.035327  0.000000
   -2.355    3.652    8.083    8.105   15.362   16.312   24.639   27.650
           -0.706547  0.052991  0.000000
   -2.350    3.674    8.016    8.066   15.445   16.417   24.605   27.491
           -0.706547  0.070655 -0.000000
   -2.344    3.704    7.925    8.012   15.560   16.560   24.556   27.281
           -0.706547  0.088318  0.000000
   -2.337    3.742    7.813    7.947   15.703   16.740   24.494   27.030
           -0.706547  0.105982  0.000000
   -2.328    3.789    7.683    7.873   15.872   16.951   24.416   26.745
           -0.706547  0.123646 -0.000000
   -2.318    3.845    7.538    7.793   16.065   17.191   24.323   26.435
           -0.706547  0.141309  0.000000
   -2.307    3.909    7.381    7.708   16.277   17.457   24.214   26.107
           -0.706547  0.158973 -0.000000
   -2.295    3.981    7.214    7.621   16.507   17.744   24.088   25.766
           -0.706547  0.176637  0.000000
   -2.283    4.062    7.041    7.534   16.751   18.050   23.945   25.418
           -0.706547  0.194300  0.000000
   -2.271    4.150    6.863    7.449   17.005   18.372   23.784   25.068
           -0.706547  0.211964 -0.000000
   -2.259    4.247    6.682    7.369   17.265   18.706   23.604   24.721
           -0.706547  0.229628 -0.000000
   -2.248    4.352    6.500    7.294   17.527   19.050   23.406   24.381
           -0.706547  0.247291 -0.000000
   -2.238    4.464    6.318    7.227   17.786   19.400   23.187   24.054
           -0.706547  0.264955 -0.000000
   -2.228    4.584    6.138    7.168   18.035   19.755   22.949   23.748
           -0.706547  0.282619  0.000000
   -2.220    4.711    5.960    7.118   18.265   20.111   22.692   23.471
           -0.706547  0.300282 -0.000000
   -2.214    4.846    5.785    7.078   18.466   20.465   22.417   23.233
           -0.706547  0.317946 -0.000000
   -2.209    4.987    5.615    7.050   18.624   20.816   22.124   23.049
           -0.706547  0.335610 -0.000000
   -2.206    5.135    5.450    7.032   18.727   21.159   21.816   22.931
           -0.706547  0.353273 -0.000000
   -2.205    5.290    5.290    7.026   18.762   21.493   21.493   22.890
           -0.697715  0.362105  0.000000
   -2.206    5.213    5.365    7.034   18.753   21.324   21.656   22.906
           -0.688883  0.370937  0.000000
   -2.210    5.139    5.431    7.060   18.722   21.150   21.816   22.953
           -0.680051  0.379769  0.000000
   -2.216    5.070    5.486    7.103   18.669   20.982   21.973   23.023
           -0.671219  0.388601  0.000000
   -2.223    5.004    5.529    7.165   18.591   20.825   22.125   23.113
           -0.662387  0.397432  0.000000
   -2.231    4.941    5.560    7.245   18.490   20.684   22.272   23.220
           -0.653556  0.406264  0.000000
   -2.240    4.883    5.581    7.341   18.366   20.561   22.413   23.342
           -0.644724  0.415096  0.000000
   -2.250    4.828    5.591    7.449   18.222   20.456   22.548   23.476
           -0.635892  0.423928  0.000000
   -2.261    4.777    5.595    7.566   18.063   20.369   22.676   23.620
           -0.627060  0.432760  0.000000
   -2.271    4.731    5.593    7.690   17.894   20.296   22.796   23.774
           -0.618228  0.441592  0.000000
   -2.281    4.688    5.587    7.817   17.720   20.236   22.908   23.935
           -0.609396  0.450423 -0.000000
   -2.291    4.649    5.578    7.943   17.546   20.187   23.011   24.101
           -0.600565  0.459255 -0.000000
   -2.300    4.614    5.568    8.067   17.376   20.146   23.105   24.272
           -0.591733  0.468087 -0.000000
   -2.309    4.583    5.558    8.185   17.216   20.113   23.188   24.445
           -0.582901  0.476919 -0.000000
   -2.316    4.556    5.548    8.294   17.068   20.085   23.262   24.617
           -0.574069  0.485751 -0.000000
   -2.323    4.534    5.538    8.391   16.936   20.063   23.324   24.785
           -0.565237  0.494583 -0.000000
   -2.329    4.515    5.530    8.475   16.823   20.046   23.376   24.945
           -0.556405  0.503414 -0.000000
   -2.333    4.501    5.523    8.543   16.732   20.033   23.417   25.091
           -0.547574  0.512246 -0.000000
   -2.336    4.490    5.519    8.593   16.666   20.023   23.446   25.211
           -0.538742  0.521078  0.000000
   -2.338    4.484    5.516    8.624   16.625   20.018   23.463   25.293
           -0.529910  0.529910 -0.000000
   -2.339    4.482    5.515    8.634   16.612   20.016   23.469   25.322
           -0.503414  0.503414 -0.000000
   -2.402    4.749    5.143    8.783   16.928   20.685   23.145   24.871
           -0.476919  0.476919 -0.000000
   -2.510    4.866    5.050    8.945   17.278   21.165   22.809   24.456
           -0.450423  0.450423 -0.000000
   -2.669    4.698    5.382    9.118   17.656   21.420   22.468   24.087
           -0.423928  0.423928  0.000000
   -2.879    4.643    5.744    9.298   18.057   21.473   22.134   23.771
           -0.397432  0.397432  0.000000
   -3.136    4.699    6.132    9.482   18.470   21.390   21.814   23.514
           -0.370937  0.370937  0.000000
   -3.430    4.857    6.542    9.666   18.872   21.246   21.518   23.323
           -0.344441  0.344441  0.000000
   -3.748    5.107    6.970    9.845   19.212   21.127   21.254   23.204
           -0.317946  0.317946 -0.000000
   -4.077    5.435    7.412   10.015   19.401   21.031   21.143   23.161
           -0.291450  0.291450 -0.000000
   -4.408    5.831    7.859   10.173   19.373   20.859   21.370   23.199
           -0.264955  0.264955 -0.000000
   -4.731    6.283    8.305   10.317   19.180   20.746   21.755   23.321
           -0.238459  0.238459 -0.000000
   -5.039    6.781    8.741   10.443   18.902   20.702   22.208   23.528
           -0.211964  0.211964 -0.000000
   -5.326    7.316    9.157   10.552   18.583   20.734   22.667   23.820
           -0.185468  0.185468  0.000000
   -5.587    7.877    9.543   10.643   18.242   20.850   23.078   24.198
           -0.158973  0.158973 -0.000000
   -5.819    8.452    9.891   10.716   17.887   21.054   23.380   23.890
           -0.132477  0.132477 -0.000000
   -6.019    9.026   10.193   10.774   17.524   21.342   23.515   23.615
           -0.105982  0.105982 -0.000000
   -6.185    9.579   10.442   10.817   17.163   21.706   23.390   23.472
           -0.079486  0.079486 -0.000000
   -6.315   10.084   10.637   10.849   16.819   22.119   23.215   23.323
           -0.052991  0.052991 -0.000000
   -6.410   10.502   10.776   10.870   16.522   22.533   23.090   23.156
           -0.026495  0.026495  0.000000
   -6.466   10.785   10.858   10.882   16.314   22.861   23.015   23.034
            0.000000  0.000000  0.000000
   -6.485   10.886   10.886   10.886   16.238   22.990   22.990   22.990
           -0.017664  0.017664  0.017664
   -6.473   10.813   10.878   10.878   16.289   22.907   23.011   23.011
           -0.035327  0.035327  0.035327
   -6.435   10.603   10.855   10.855   16.431   22.687   23.072   23.072
           -0.052991  0.052991  0.052991
   -6.372   10.278   10.817   10.817   16.639   22.394   23.165   23.165
           -0.070655  0.070655  0.070655
   -6.284    9.866   10.767   10.767   16.881   22.090   23.279   23.279
           -0.088318  0.088318  0.088318
   -6.172    9.390   10.706   10.706   17.124   21.822   23.391   23.391
           -0.105982  0.105982  0.105982
   -6.037    8.869   10.636   10.636   17.337   21.625   23.472   23.472
           -0.123646  0.123646  0.123646
   -5.879    8.317   10.559   10.559   17.496   21.524   23.485   23.485
           -0.141309  0.141309  0.141309
   -5.700    7.746   10.479   10.479   17.585   21.531   23.412   23.412
           -0.158973  0.158973  0.158973
   -5.501    7.167   10.396   10.396   17.604   21.642   23.265   23.265
           -0.176637  0.176637  0.176637
   -5.283    6.587   10.314   10.314   17.566   21.836   23.072   23.072
           -0.194300  0.194300  0.194300
   -5.051    6.014   10.234   10.234   17.491   22.088   22.861   22.861
           -0.211964  0.211964  0.211964
   -4.806    5.456   10.158   10.158   17.396   22.372   22.650   22.650
           -0.229628  0.229628  0.229628
   -4.554    4.920   10.088   10.088   17.295   22.450   22.450   22.666
           -0.247291  0.247291  0.247291
   -4.299    4.415   10.025   10.025   17.197   22.269   22.269   22.950
           -0.264955  0.264955  0.264955
   -4.051    3.951    9.969    9.969   17.109   22.111   22.111   23.209
           -0.282619  0.282619  0.282619
   -3.817    3.539    9.923    9.923   17.033   21.980   21.980   23.431
           -0.300282  0.300282  0.300282
   -3.612    3.194    9.886    9.886   16.973   21.876   21.876   23.609
           -0.317946  0.317946  0.317946
   -3.450    2.930    9.859    9.859   16.929   21.801   21.801   23.737
           -0.335610  0.335610  0.335610
   -3.345    2.764    9.843    9.843   16.903   21.755   21.755   23.814
           -0.353273  0.353273  0.353273
   -3.308    2.707    9.837    9.837   16.894   21.740   21.740   23.839
