CELL_PARAMETERS angstrom
8.225000000000001 0.0 0.0
0.0 8.225000000000001 0.0
0.0 0.0 8.225000000000001

ATOMIC_POSITIONS (angstrom)
Al            0.0019815096        0.0129894637       -0.0080708333
N             2.0445893318       -0.0106395690        0.0008099373
Al            0.0070158240        2.0448123452        2.0490570342
N             2.0618575006        2.0450300983        2.0153029552
Al            2.0586543268       -0.0063656811        2.0528910359
N             0.0118561896        0.0412110281        2.0553154670
Al            2.0490778400        2.0474714077        0.0008460064
N             0.0027698489        2.0475827585        0.0002590353
Al           -0.0026671017        0.0240436706        4.1238070871
N             2.0385529060       -0.0429285853        4.1127533546
Al           -0.0033919161        2.0444921477        6.1792015389
N             2.0417808475        2.0335940658        6.2119707660
Al            2.0567375397       -0.0203495311        6.1727295358
N             0.0156541120        0.0146149354        6.1733816389
Ti            2.1188023213        2.1083426233        4.1205815424
N             0.0091951406        2.0595098323        4.1174333271
Al           -0.0006670839        4.0919912000       -0.0293504566
N             2.0008045226        4.1236160930        0.0034150353
Ti           -0.0444526262        6.1260228841        2.0683210984
N             2.0878512585        6.1769970420        2.0467785570
Al            2.0683725724        4.1206567262        2.0302003919
N             0.0683898111        4.0534889899        2.0498364801
Al            2.0458592611        6.1820527819       -0.0020734338
N            -0.0010514376        6.1744847722       -0.0248253168
Al            0.0317213259        4.1135382758        4.1466761509
N             1.9957650162        4.1767432168        4.1061703327
Al            0.0026618910        6.1758917653        6.1688054290
N             2.0099981348        6.1674110000        6.1756807713
Al            2.0125730768        4.1160780311        6.1924685496
N             0.0509110650        4.0916324818        6.1728790068
Al            2.0625465817        6.1803838675        4.1131254755
N             0.0079804808        6.1919746920        4.1384295888
Al            4.1129989529       -0.0056125372       -0.0039328431
N             6.1820587043       -0.0112648363        0.0039383080
Al            4.1057179450        2.0340748959        2.0088894573
N             6.1628303009        1.9938306971        1.9946570516
Al            6.1556355744        0.0156885494        2.0605538736
N             4.0943343196        0.0190054196        2.0531737552
Al            6.1845405361        2.0271691691        0.0002930219
N             4.1124563913        1.9918841435        0.0074137955
Al            4.1200440392       -0.0189025608        4.1131206306
N             6.1899853610       -0.0376476368        4.1114808745
Al            4.1034214010        1.9977690442        6.2150275467
N             6.1691959998        1.9874973979        6.2367858643
Al            6.1718953962        0.0071173746        6.1668144989
N             4.0978203132        0.0322258950        6.1665565023
Ti            6.1156984282        2.1606036156        4.1238058597
N             4.1083037165        1.9598659918        4.0940281238
Ti            4.1641493313        4.1453828933       -0.0743147033
N             6.2367408440        4.1338758519        0.0130726846
Al            4.1003583776        6.1918042527        2.0586023139
N             6.1126339611        6.2468804504        2.0391551233
Ti            6.1462586711        4.1050189130        2.1263143757
N             4.0444090096        4.0850407096        2.0326634761
Al            6.1824505338        6.2027860081       -0.0066531682
N             4.1113292369        6.2318142839        0.0484243845
Ti            4.1779090214        4.0842874171        4.1682803578
N             6.2941669848        4.2542549444        4.1072376720
Ti            4.1551905494        6.0577216912        6.1514374976
N             6.2313132487        6.2525897167        6.1837787613
Ti            6.0766538344        4.1202220678        6.1148198063
N             3.9767913632        3.9673255775        6.1770501112
Al            6.1729953739        6.2236510114        4.1210380344
N             4.1179822080        6.2376647585        4.0516798631
